[0] 44.0
[0] 41.0
[10] 32.0
[0] 38.0
[10] 66.0
[0] 43.0
[2] 72.0
[4] 155.0
[6] 40.0
[8] 54.0
[10] 31.0
[12] 147.0
[14] 38.0
[16] 65.0
[18] 55.0
[20] 128.0
[22] 21.0
[24] 43.0
[26] 130.0
[28] 47.0
[30] 24.0
[32] 23.0
[34] 25.0
[36] 215.0
[38] 46.0
[40] 30.0
[42] 28.0
[44] 41.0
[46] 27.0
[48] 66.0
[50] 98.0
[52] 135.0
[54] 69.0
[56] 48.0
[58] 29.0
[60] 63.0
[62] 48.0
[64] 61.0
[66] 91.0
[68] 72.0
[70] 58.0
[72] 41.0
[74] 38.0
[76] 54.0
[78] 64.0
[80] 57.0
[82] 46.0
[84] 66.0
[86] 43.0
[88] 66.0
[90] 46.0
[92] 33.0
[94] 43.0
[96] 68.0
[98] 115.0
[100] 66.0
[102] 77.0
[104] 52.0
[106] 53.0
[108] 177.0
[110] 62.0
[112] 40.0
[114] 87.0
[116] 30.0
[118] 64.0
[120] 31.0
[122] 67.0
[124] 66.0
[126] 49.0
[128] 229.0
[130] 71.0
[132] 62.0
[134] 78.0
[136] 100.0
[138] 59.0
[140] 40.0
[142] 56.0
[144] 75.0
[146] 51.0
[148] 60.0
[150] 77.0
[152] 67.0
[154] 39.0
[156] 202.0
[158] 90.0
[160] 245.0
[162] 80.0
[164] 116.0
[166] 129.0
[168] 76.0
[170] 105.0
[172] 100.0
[174] 71.0
[176] 70.0
[178] 68.0
[180] 104.0
[182] 148.0
[184] 186.0
[186] 131.0
[188] 141.0
[190] 133.0
[192] 73.0
[194] 187.0
[196] 163.0
[198] 132.0
[200] 180.0
[202] 119.0
[204] 52.0
[206] 66.0
[208] 228.0
[210] 74.0
[212] 70.0
[214] 80.0
[216] 134.0
[218] 75.0
[220] 67.0
[222] 130.0
[224] 233.0
[226] 54.0
[228] 78.0
[230] 67.0
[232] 74.0
[234] 133.0
[236] 129.0
[238] 136.0
[240] 266.0
[242] 63.0
[244] 75.0
[246] 68.0
[248] 72.0
[250] 40.0
[252] 158.0
[254] 71.0
[256] 76.0
[258] 64.0
[260] 56.0
[262] 174.0
[264] 67.0
[266] 61.0
[268] 56.0
[270] 138.0
[272] 155.0
[274] 249.0
[276] 104.0
[278] 63.0
[280] 73.0
[282] 183.0
[284] 178.0
[286] 123.0
[288] 74.0
[290] 163.0
[292] 135.0
[294] 126.0
[296] 112.0
[298] 83.0
[300] 71.0
[302] 78.0
[304] 190.0
[306] 73.0
[308] 65.0
[310] 133.0
[312] 101.0
[314] 216.0
[316] 72.0
[318] 67.0
[320] 197.0
[322] 89.0
[324] -1.0
[326] 69.0
[328] 261.0
[330] 131.0
[332] 135.0
[334] 113.0
[336] 69.0
[338] 104.0
[340] 77.0
[342] 61.0
[344] 67.0
[346] 76.0
[348] 68.0
[350] 74.0
[352] 68.0
[354] 134.0
[356] 144.0
[0] 45.0
[2] 167.0
[0] 147.0
[2] 62.0
[4] 75.0
[6] 74.0
[8] 71.0
[10] 101.0
[12] 60.0
[14] 97.0
[16] 154.0
[18] 148.0
[20] 71.0
[0] 81.0
[1] 81.0
[2] 154.0
[3] 60.0
[4] 98.0
[5] 75.0
[6] 88.0
[7] 72.0
[8] 109.0
[9] 109.0
[10] 140.0
[11] 142.0
[12] 77.0
[13] 191.0
[14] 102.0
[15] 69.0
[16] 71.0
[17] 67.0
[18] 65.0
[19] 77.0
[20] 74.0
[21] 155.0
[22] 193.0
[23] -1.0
[24] 63.0
[25] 151.0
[26] 58.0
[27] 82.0
[28] 68.0
[29] 78.0
[30] 72.0
[31] 117.0
[32] 67.0
[33] 68.0
[34] 159.0
[35] 67.0
[36] 107.0
[37] 69.0
[38] 81.0
[39] 188.0
[40] 82.0
[41] -1.0
[42] 110.0
[43] 146.0
[44] 22.0
[45] 70.0
[46] 160.0
[47] 71.0
[48] 76.0
[49] 90.0
[50] 60.0
[51] 85.0
[52] 69.0
[53] 74.0
[54] 150.0
[55] 77.0
[56] 208.0
[57] 76.0
[58] 89.0
[59] 72.0
[60] 63.0
[61] 114.0
[62] 85.0
[63] 144.0
[64] 142.0
[65] 73.0
[66] 110.0
[67] -1.0
[68] 78.0
[69] 76.0
[70] 90.0
[71] -1.0
[72] 132.0
[73] 151.0
[74] 145.0
[75] 112.0
[76] 143.0
[77] 76.0
[78] 104.0
[79] 139.0
[80] 78.0
[81] 60.0
[82] 89.0
[83] 158.0
[84] 62.0
[85] 161.0
[86] 66.0
[87] 114.0
[88] -1.0
[89] 79.0
[90] 104.0
[91] 160.0
[92] 153.0
[93] 227.0
[94] 159.0
[95] 63.0
[96] 163.0
[97] 79.0
[98] -1.0
[99] 132.0
[100] 72.0
[101] 88.0
[102] 199.0
[103] 183.0
[104] 67.0
[105] 275.0
[106] 62.0
[107] 84.0
[108] 58.0
[109] 148.0
[110] 145.0
[111] 151.0
[112] 138.0
[113] 158.0
[114] 134.0
[115] 124.0
[116] 82.0
[117] -1.0
[118] 129.0
[119] 62.0
[120] 77.0
[121] 173.0
[122] 147.0
[123] 109.0
[124] 91.0
[125] 158.0
[126] 141.0
[127] 80.0
[128] 88.0
[129] 112.0
[130] 217.0
[131] 79.0
[132] 141.0
[133] 74.0
[134] 148.0
[135] 84.0
[136] 153.0
[137] 68.0
[138] 73.0
[139] 80.0
[140] 119.0
[141] 149.0
[142] 99.0
[143] 71.0
[144] 74.0
[145] 120.0
[146] 79.0
[147] 71.0
[148] 153.0
[149] 76.0
[150] 108.0
[151] 82.0
[152] 77.0
[153] 112.0
[154] 85.0
[155] 76.0
[156] -1.0
[157] 161.0
[158] 74.0
[159] 157.0
[160] 119.0
[161] 80.0
[162] 151.0
[163] 144.0
[164] 152.0
[165] 115.0
[166] 141.0
[167] 77.0
[168] 77.0
[169] 144.0
[170] 140.0
[171] -1.0
[172] 81.0
[173] 104.0
[174] -1.0
[175] 117.0
[176] 145.0
[177] 74.0
[178] 93.0
[179] 64.0
[180] 233.0
[181] 122.0
[182] 67.0
[183] 153.0
[184] 164.0
[185] 143.0
[186] 65.0
[187] 80.0
[188] 114.0
[189] 199.0
[190] 140.0
[191] 71.0
[192] 82.0
[193] 117.0
[194] 77.0
[195] 60.0
[196] 81.0
[197] 150.0
[198] 155.0
[199] 108.0
[200] 151.0
[201] 78.0
[202] 151.0
[203] 73.0
[204] -1.0
[205] 151.0
[206] 68.0
[207] 66.0
[208] 59.0
[209] 75.0
[210] 137.0
[211] 70.0
[212] 81.0
[213] 130.0
[214] 225.0
[215] 111.0
[216] 82.0
[217] 141.0
[218] 160.0
[219] 73.0
[220] 230.0
[221] -1.0
[222] 190.0
[223] 69.0
[224] 61.0
[225] 82.0
[226] 155.0
[227] 74.0
[228] 142.0
[229] 155.0
[230] 108.0
[231] 78.0
[232] 140.0
[233] 149.0
[234] 105.0
[235] -1.0
[236] 77.0
[237] 108.0
[238] 135.0
[239] -1.0
[240] 152.0
[241] 189.0
[242] -1.0
[243] 163.0
[244] 56.0
[245] 74.0
[246] 77.0
[247] 81.0
[248] 122.0
[249] 134.0
[250] 103.0
[251] 76.0
[252] 148.0
[253] -1.0
[254] 74.0
[255] -1.0
[256] 70.0
[257] 71.0
[258] 81.0
[259] 87.0
[260] 71.0
[261] 72.0
[262] 73.0
[263] 82.0
[264] 180.0
[265] -1.0
[266] 188.0
[267] 63.0
[268] 76.0
[269] 88.0
[270] 109.0
[271] -1.0
[272] 78.0
[273] 87.0
[274] 73.0
[275] 81.0
[276] 101.0
[277] 157.0
[278] -1.0
[279] 132.0
[280] 129.0
[281] 117.0
[282] 140.0
[283] 159.0
[284] 106.0
[285] 66.0
[286] 75.0
[287] 147.0
[288] 147.0
[289] 144.0
[290] -1.0
[291] 151.0
[292] 80.0
[293] 138.0
[294] 125.0
[295] 98.0
[296] 78.0
[297] 227.0
[298] 84.0
[299] 125.0
[300] 154.0
[301] 144.0
[302] 80.0
[303] 145.0
[304] 149.0
[305] 85.0
[306] 60.0
[307] 141.0
[308] 65.0
[309] 142.0
[310] 57.0
[311] 159.0
[312] 149.0
[313] 241.0
[314] 82.0
[315] 82.0
[316] 76.0
[317] 67.0
[318] 80.0
[319] 150.0
[320] 156.0
[321] 155.0
[322] 245.0
[323] 102.0
[324] 139.0
[325] 71.0
[326] 117.0
[327] 92.0
[328] 148.0
[329] -1.0
[330] 161.0
[331] 74.0
[332] 152.0
[333] 172.0
[334] 158.0
[335] 145.0
[336] 151.0
[337] 155.0
[338] 148.0
[339] 82.0
[340] 158.0
[341] 64.0
[342] -1.0
[343] 75.0
[344] -1.0
[345] 165.0
[346] 181.0
[347] 146.0
[348] 156.0
[349] 193.0
[350] 76.0
[351] 105.0
[352] 148.0
[353] 82.0
[354] 150.0
[355] 234.0
[356] 74.0
[357] 76.0
[358] 188.0
[359] 69.0
[360] 247.0
[361] 155.0
[362] 228.0
[363] 61.0
[364] 230.0
[365] 65.0
[366] 241.0
[367] -1.0
[368] 143.0
[369] 190.0
[370] 110.0
[371] 149.0
[372] 151.0
[373] 167.0
[374] -1.0
[375] 144.0
[376] 63.0
[377] 208.0
[378] 131.0
[379] 65.0
[380] 70.0
[381] 80.0
[382] 79.0
[383] 233.0
[384] 68.0
[385] 150.0
[386] 141.0
[387] -1.0
[388] 82.0
[389] 77.0
[390] -1.0
[391] 183.0
[392] 108.0
[393] -1.0
[394] 237.0
[395] 80.0
[396] 161.0
[397] 73.0
[398] 126.0
[399] 73.0
[400] 144.0
[401] 95.0
[402] 79.0
[403] 76.0
[404] 146.0
[405] 70.0
[406] 187.0
[407] 149.0
[408] 176.0
[409] 154.0
[410] 142.0
[411] 291.0
[412] 73.0
[413] 148.0
[414] 67.0
[415] 70.0
[416] 155.0
[417] 150.0
[418] 152.0
[419] 86.0
[420] 75.0
[421] 77.0
[422] 79.0
[423] 78.0
[424] 113.0
[425] 153.0
[426] 156.0
[427] -1.0
[428] 102.0
[429] 192.0
[430] 193.0
[431] 146.0
[432] 193.0
[433] 71.0
[434] 150.0
[435] 136.0
[436] 73.0
[437] 118.0
[438] -1.0
[439] 180.0
[440] 77.0
[441] 163.0
[442] 143.0
[443] 92.0
[444] 61.0
[445] 160.0
[446] -1.0
[447] 170.0
[448] 202.0
[449] 107.0
[450] 142.0
[451] 83.0
[452] 144.0
[453] 81.0
[454] 60.0
[455] 84.0
[456] 216.0
[457] 153.0
[458] 76.0
[459] 233.0
[460] 114.0
[461] 77.0
[462] 192.0
[463] -1.0
[464] 135.0
[465] 62.0
[466] 156.0
[467] 154.0
[468] -1.0
[469] 147.0
[470] 58.0
[471] 94.0
[472] 162.0
[473] 197.0
[474] 142.0
[475] 130.0
[476] 58.0
[477] 61.0
[478] 198.0
[479] 143.0
[480] 148.0
[481] 88.0
[482] 104.0
[483] 101.0
[484] 135.0
[485] 112.0
[486] 141.0
[487] 225.0
[488] 78.0
[489] -1.0
[490] 145.0
[491] 66.0
[492] 141.0
[493] -1.0
[494] 58.0
[495] 146.0
[496] -1.0
[497] 26.0
[498] 217.0
[499] -1.0
[500] 162.0
[501] 144.0
[502] 192.0
[503] 182.0
[504] 65.0
[505] 69.0
[506] 136.0
[507] 68.0
[508] 151.0
[509] 57.0
[510] 288.0
[511] 153.0
[512] 154.0
[513] 65.0
[514] 71.0
[515] 152.0
[516] -1.0
[517] 148.0
[518] 79.0
[519] 112.0
[520] 159.0
[521] 83.0
[522] 66.0
[523] 188.0
[524] 148.0
[525] 69.0
[526] 69.0
[527] 150.0
[528] 118.0
[529] 223.0
[530] -1.0
[531] 146.0
[532] 110.0
[533] 88.0
[534] 152.0
[535] 144.0
[536] -1.0
[537] 71.0
[538] 96.0
[539] 81.0
[540] -1.0
[541] 86.0
[542] 65.0
[543] 199.0
[544] 76.0
[545] 64.0
[546] 230.0
[547] 154.0
[548] 210.0
[549] 75.0
[550] 155.0
[551] 140.0
[552] 129.0
[553] 148.0
[554] -1.0
[555] 173.0
[556] 103.0
[557] 227.0
[558] -1.0
[559] 174.0
[560] 162.0
[561] 74.0
[562] 148.0
[563] 138.0
[564] 184.0
[565] 232.0
[566] 103.0
[567] -1.0
[568] 74.0
[569] 191.0
[570] 171.0
[571] 116.0
[572] 103.0
[573] -1.0
[574] 279.0
[575] 65.0
[576] 63.0
[577] 81.0
[578] 64.0
[579] 59.0
[580] 140.0
[581] 61.0
[582] 154.0
[583] -1.0
[584] 226.0
[585] 217.0
[586] 148.0
[587] 239.0
[588] 53.0
[589] 154.0
[590] 64.0
[591] 244.0
[592] 206.0
[593] 62.0
[594] 65.0
[595] 240.0
[596] 110.0
[597] 145.0
[598] 154.0
[599] 65.0
[600] 236.0
[601] 209.0
[602] 159.0
[603] 152.0
[604] 61.0
[605] -1.0
[606] 159.0
[607] 135.0
[608] 70.0
[609] 77.0
[610] 111.0
[611] 63.0
[612] 236.0
[613] 62.0
[614] 167.0
[615] 80.0
[616] 76.0
[617] 67.0
[618] 83.0
[619] 142.0
[620] 62.0
[621] 115.0
[622] 235.0
[623] 88.0
[624] 111.0
[625] 74.0
[626] 236.0
[627] 117.0
[628] 64.0
[629] 153.0
[630] 126.0
[631] -1.0
[632] 288.0
[633] 224.0
[634] 419.0
[635] -1.0
[636] 147.0
[637] 194.0
[638] 88.0
[639] 239.0
[640] 115.0
[641] 312.0
[642] 162.0
[643] 196.0
[644] 83.0
[645] 158.0
[646] 110.0
[647] 152.0
[648] 70.0
[649] 154.0
[650] 190.0
[651] 78.0
[652] 358.0
[653] 68.0
[654] 150.0
[655] 62.0
[656] 162.0
[657] 83.0
[658] 153.0
[659] 152.0
[660] 165.0
[661] 181.0
[662] 217.0
[663] 61.0
[664] 143.0
[665] 234.0
[666] 75.0
[667] 73.0
[668] 247.0
[669] 158.0
[670] 91.0
[671] 113.0
[672] 83.0
[673] 232.0
[674] 63.0
[675] 230.0
[676] 337.0
[677] 230.0
[678] 99.0
[679] 71.0
[680] 84.0
[681] 75.0
[682] 182.0
[683] 407.0
[684] 231.0
[685] -1.0
[686] 384.0
[687] 149.0
[688] 422.0
[689] 66.0
[690] 192.0
[691] -1.0
[692] 64.0
[693] -1.0
[694] 252.0
[695] -1.0
[696] 143.0
[697] 68.0
[698] 104.0
[699] 199.0
[700] 402.0
[701] -1.0
[702] 283.0
[703] 194.0
[704] 245.0
[705] 71.0
[706] -1.0
[707] 73.0
[708] 155.0
[709] 159.0
[710] 155.0
[711] 178.0
[712] 224.0
[713] 108.0
[714] -1.0
[715] 155.0
[716] 146.0
[717] 150.0
[718] 386.0
[719] 131.0
[720] 147.0
[721] 181.0
[722] 212.0
[723] -1.0
[724] 112.0
[725] 98.0
[726] 150.0
[727] 156.0
[728] 155.0
[729] 74.0
[730] 80.0
[731] 225.0
[732] 414.0
[733] 233.0
[734] 221.0
[735] 78.0
[736] 62.0
[737] 140.0
[738] 150.0
[739] 231.0
[740] 108.0
[741] 149.0
[742] 81.0
[743] -1.0
[744] 189.0
[745] 188.0
[746] 193.0
[747] 197.0
[748] 66.0
[749] 73.0
[750] 58.0
[751] 231.0
[752] 186.0
[753] 231.0
[754] 407.0
[755] 385.0
[756] 68.0
[757] 226.0
[758] 239.0
[759] 55.0
[760] 104.0
[761] 73.0
[762] 360.0
[763] 276.0
[764] 254.0
[765] 65.0
[766] 358.0
[767] 134.0
[768] 231.0
[769] 62.0
[770] 221.0
[771] 87.0
[772] 371.0
[773] -1.0
[774] 236.0
[775] 138.0
[776] 191.0
[777] 82.0
[778] 379.0
[779] 60.0
[780] 409.0
[781] 153.0
[782] 186.0
[783] 275.0
[784] 86.0
[785] 65.0
[786] 72.0
[787] 51.0
[788] 65.0
[789] 113.0
[790] 64.0
[791] 72.0
[792] 236.0
[793] 151.0
[794] 364.0
[795] -1.0
[796] 77.0
[797] 150.0
[798] 151.0
[799] 385.0
[800] 110.0
[801] -1.0
[802] 147.0
[803] 281.0
[804] 146.0
[805] 244.0
[806] 58.0
[807] 380.0
[808] 360.0
[809] 71.0
[810] 71.0
[811] 366.0
[812] 391.0
[813] 60.0
[814] 111.0
[815] 69.0
[816] 61.0
[817] 68.0
[818] -1.0
[819] 67.0
[820] 101.0
[821] 217.0
[822] -1.0
[823] 245.0
[824] 87.0
[825] 237.0
[826] 67.0
[827] 364.0
[828] 232.0
[829] 109.0
[830] 394.0
[831] -1.0
[832] 159.0
[833] 371.0
[834] 141.0
[835] 63.0
[836] 153.0
[837] 224.0
[838] 60.0
[839] 78.0
[840] 383.0
[841] 366.0
[842] -1.0
[843] 239.0
[844] 67.0
[845] 154.0
[846] 78.0
[847] 365.0
[848] 400.0
[849] 362.0
[850] 146.0
[851] 255.0
[852] 137.0
[853] 241.0
[854] 417.0
[855] 337.0
[856] 407.0
[857] 63.0
[858] 414.0
[859] 373.0
[860] 255.0
[861] 74.0
[862] 197.0
[863] 70.0
[864] 365.0
[865] -1.0
[866] 106.0
[867] 65.0
[868] 107.0
[869] 359.0
[870] -1.0
[871] 71.0
[872] 74.0
[873] 105.0
[874] 378.0
[875] -1.0
[876] 244.0
[877] -1.0
[878] 106.0
[879] 67.0
[880] 240.0
[881] 249.0
[882] 383.0
[883] 59.0
[884] 219.0
[885] 152.0
[886] 62.0
[887] 65.0
[888] 185.0
[889] 247.0
[890] 100.0
[891] 252.0
[892] 386.0
[893] 401.0
[894] 202.0
[895] 242.0
[896] 386.0
[897] 346.0
[898] 383.0
[899] 68.0
[900] 159.0
[901] 71.0
[902] 56.0
[903] 230.0
[904] 63.0
[905] 217.0
[906] 86.0
[907] 375.0
[908] 358.0
[909] 391.0
[910] 224.0
[911] 75.0
[912] 388.0
[913] -1.0
[914] 373.0
[915] 129.0
[916] 342.0
[917] 358.0
[918] -1.0
[919] 63.0
[920] 104.0
[921] 370.0
[922] 251.0
[923] 362.0
[924] -1.0
[925] 117.0
[926] -1.0
[927] 109.0
[928] 237.0
[929] 399.0
[930] 149.0
[931] 108.0
[932] 120.0
[933] 230.0
[934] 235.0
[935] 127.0
[936] 235.0
[937] 70.0
[938] 370.0
[939] 236.0
[940] 115.0
[941] 403.0
[942] 63.0
[943] 336.0
[944] 388.0
[945] -1.0
[946] 89.0
[947] 63.0
[948] -1.0
[949] 370.0
[950] 88.0
[951] 137.0
[952] 74.0
[953] -1.0
[954] 232.0
[955] 245.0
[956] 362.0
[957] 72.0
[958] 81.0
[959] 140.0
[960] 69.0
[961] 385.0
[962] 379.0
[963] 237.0
[964] 220.0
[965] 69.0
[966] 120.0
[967] 76.0
[968] 103.0
[969] 105.0
[970] 349.0
[971] 373.0
[972] 60.0
[973] 245.0
[974] 77.0
[975] 67.0
[976] 103.0
[977] 105.0
[978] 112.0
[979] 74.0
[980] 346.0
[981] 354.0
[982] 109.0
[983] 65.0
[984] 59.0
[985] 65.0
[986] 243.0
[987] 72.0
[988] -1.0
[989] 229.0
[990] 147.0
[991] 109.0
[992] 69.0
[993] 70.0
[994] 56.0
[995] 357.0
[996] 75.0
[997] 103.0
[998] 76.0
[999] 374.0
[1000] 143.0
[1001] 58.0
[1002] 222.0
[1003] 329.0
[1004] 118.0
[1005] 67.0
[1006] 63.0
[1007] 374.0
[1008] 241.0
[1009] 371.0
[1010] 56.0
[1011] 65.0
[1012] 352.0
[1013] 77.0
[1014] 352.0
[1015] 348.0
[1016] 70.0
[1017] 105.0
[1018] 135.0
[1019] 78.0
[1020] 73.0
[1021] 106.0
[1022] 228.0
[1023] 243.0
[1024] 361.0
[1025] 71.0
[1026] -1.0
[1027] 362.0
[1028] -1.0
[1029] 113.0
[1030] -1.0
[1031] 140.0
[1032] 67.0
[1033] 57.0
[1034] 249.0
[1035] 329.0
[1036] 379.0
[1037] 361.0
[1038] 57.0
[1039] 247.0
[1040] 153.0
[1041] 384.0
[1042] 362.0
[1043] -1.0
[1044] 61.0
[1045] 350.0
[1046] 227.0
[1047] 140.0
[1048] 65.0
[1049] 390.0
[1050] 62.0
[1051] 380.0
[1052] 67.0
[1053] 64.0
[1054] 64.0
[1055] 100.0
[1056] 141.0
[1057] 68.0
[1058] -1.0
[1059] 66.0
[1060] 333.0
[1061] -1.0
[1062] 354.0
[1063] 339.0
[1064] 108.0
[1065] 372.0
[1066] 74.0
[1067] 106.0
[1068] -1.0
[1069] 89.0
[1070] 130.0
[1071] 128.0
[1072] 108.0
[1073] 81.0
[1074] 88.0
[1075] 80.0
[1076] -1.0
[1077] 236.0
[1078] -1.0
[1079] 103.0
[1080] 79.0
[1081] 82.0
[1082] 77.0
[1083] 235.0
[1084] 371.0
[1085] 333.0
[1086] 356.0
[1087] 72.0
[1088] 68.0
[1089] 223.0
[1090] 368.0
[1091] 60.0
[1092] 368.0
[1093] 346.0
[1094] 393.0
[1095] 255.0
[1096] 226.0
[1097] 81.0
[1098] 74.0
[1099] 238.0
[1100] 109.0
[1101] 241.0
[1102] 367.0
[1103] 76.0
[1104] 113.0
[1105] 76.0
[1106] 98.0
[1107] 118.0
[1108] 69.0
[1109] 111.0
[1110] 335.0
[1111] 378.0
[1112] 132.0
[1113] 69.0
[1114] 101.0
[1115] 112.0
[1116] 349.0
[1117] -1.0
[1118] 61.0
[1119] 58.0
[1120] 385.0
[1121] 351.0
[1122] 77.0
[1123] 84.0
[1124] 346.0
[1125] 202.0
[1126] 73.0
[1127] -1.0
[1128] 68.0
[1129] 349.0
[1130] 337.0
[1131] 80.0
[1132] 105.0
[1133] 66.0
[1134] 77.0
[1135] 385.0
[1136] 47.0
[1137] 235.0
[1138] 104.0
[1139] 321.0
[1140] 95.0
[1141] 71.0
[1142] 233.0
[1143] 230.0
[1144] -1.0
[1145] 344.0
[1146] 69.0
[1147] 90.0
[1148] 95.0
[1149] 63.0
[1150] 73.0
[1151] 337.0
[1152] 59.0
[1153] 63.0
[1154] 369.0
[1155] 147.0
[1156] 82.0
[1157] 66.0
[1158] 59.0
[1159] 65.0
[1160] 92.0
[1161] 68.0
[1162] 114.0
[1163] 72.0
[1164] 107.0
[1165] 111.0
[1166] 88.0
[1167] 68.0
[1168] 370.0
[1169] 332.0
[1170] -1.0
[1171] 61.0
[1172] 71.0
[1173] 116.0
[1174] 68.0
[1175] 90.0
[1176] 63.0
[1177] 348.0
[1178] 62.0
[1179] 55.0
[1180] 354.0
[1181] -1.0
[1182] 229.0
[1183] 101.0
[1184] 64.0
[1185] -1.0
[1186] 64.0
[1187] 66.0
[1188] 117.0
[1189] 359.0
[1190] 319.0
[1191] 65.0
[1192] 91.0
[1193] 72.0
[1194] 346.0
[1195] 62.0
[1196] 65.0
[1197] -1.0
[1198] 317.0
[1199] 354.0
[1200] 59.0
[1201] 357.0
[1202] 361.0
[1203] -1.0
[1204] 115.0
[1205] -1.0
[1206] 69.0
[1207] -1.0
[1208] 392.0
[1209] 130.0
[1210] -1.0
[1211] 315.0
[1212] 71.0
[1213] -1.0
[1214] 111.0
[1215] 324.0
[1216] 50.0
[1217] 69.0
[1218] 87.0
[1219] 65.0
[1220] 65.0
[1221] 56.0
[1222] 90.0
[1223] 63.0
[1224] 47.0
[1225] 99.0
[1226] -1.0
[1227] 59.0
[1228] 82.0
[1229] 81.0
[1230] 64.0
[1231] 109.0
[1232] 68.0
[1233] 65.0
[1234] 56.0
[1235] 79.0
[1236] 357.0
[1237] -1.0
[1238] 57.0
[1239] -1.0
[1240] 101.0
[1241] 362.0
[1242] 88.0
[1243] 54.0
[1244] 101.0
[1245] 154.0
[1246] 96.0
[1247] 61.0
[1248] 101.0
[1249] 57.0
[1250] 66.0
[1251] 322.0
[0] 54.0
[1] 67.0
[2] 54.0
[3] 345.0
[4] 337.0
[5] -1.0
[6] 309.0
[7] 73.0
[8] 355.0
[9] 81.0
[10] 73.0
[11] 68.0
[12] 64.0
[13] 96.0
[14] -1.0
[15] 115.0
[16] 332.0
[17] 118.0
[18] -1.0
[19] 73.0
[20] 113.0
[21] 96.0
[22] -1.0
[23] 57.0
[24] 60.0
[25] 327.0
[26] 108.0
[27] 64.0
[28] 108.0
[29] 386.0
[30] 114.0
[31] 43.0
[32] 105.0
[33] 54.0
[34] 335.0
[0] 82.0
[1] 57.0
[2] 90.0
[3] 310.0
[4] 120.0
[5] 219.0
[6] 327.0
[7] 54.0
[8] 59.0
[9] 47.0
[10] 60.0
[11] 59.0
[12] 36.0
[13] 283.0
[14] 65.0
[15] 59.0
[16] 357.0
[17] 120.0
[18] 70.0
[19] 294.0
[20] 66.0
[21] 65.0
[22] 355.0
[23] 62.0
[24] 63.0
[25] 73.0
[26] 307.0
[27] 368.0
[28] 114.0
[29] 98.0
[30] 60.0
[31] 296.0
[32] 82.0
[33] 58.0
[34] 80.0
[35] 106.0
[36] 323.0
[37] 79.0
[38] 66.0
[39] 349.0
[40] 81.0
[41] 33.0
[42] 52.0
[43] 373.0
[44] 337.0
[45] 321.0
[46] 376.0
